function K = lqr_k(L0)
%LQR_K
%    K = LQR_K(L0)

%    This function was generated by the Symbolic Math Toolbox version 24.2.
%    2026-01-22 16:40:43

t2 = L0.^2;
t3 = L0.^3;
mt1 = [L0.*(-2.671149363878313e+2)+t2.*6.614919645327506e+2-t3.*6.821225237518112e+2-4.428510482632967];
mt2 = [L0.*(-2.711097130725094)-t2.*3.73817462228878e+2+t3.*6.582457168130726e+2+3.555203886441468e+1];
mt3 = [L0.*(-1.671903444544901e+1)+t2.*1.400582208879096e-3+t3.*2.705005533161179+2.281673767899685e-1];
mt4 = [L0.*1.755615285441833e+1-t2.*6.681416202607443e+1+t3.*7.95920603702848e+1+7.313192980658102e-1];
mt5 = [L0.*(-7.203400590372873e+1)+t2.*2.080490067523778e+2-t3.*2.197988509310208e+2-1.197773146357612];
mt6 = [L0.*(-1.730861952908334e+1)-t2.*8.585259146497086e+1+t3.*1.865147896065251e+2+1.358830309548335e+1];
mt7 = [L0.*(-5.294362117749688e+1)+t2.*1.533748668239091e+2-t3.*1.668395676984669e+2-3.477453334784835];
mt8 = [L0.*(-6.176556324300551e+1)+t2.*7.424083984503061e+1-t3.*5.577331606779901+1.747097892902022e+1];
mt9 = [L0.*(-3.788768039753131e+2)+t2.*6.484717145319817e+2-t3.*3.93437171515994e+2+9.351336478369717e+1];
mt10 = [L0.*7.672331234873124e+2-t2.*2.225063829490503e+3+t3.*2.325201976985349e+3+7.976701794015079e+1];
mt11 = [L0.*(-2.414675661934377e+1)+t2.*4.31136144359571e+1-t3.*3.056748508843401e+1+6.614411854248947];
mt12 = [L0.*3.999577731799241e+1-t2.*1.085602403053516e+2+t3.*1.081169855376833e+2+3.43060961417737];
K = reshape([mt1,mt2,mt3,mt4,mt5,mt6,mt7,mt8,mt9,mt10,mt11,mt12],2,6);
end
