function K = lqr_k(L0)
%LQR_K
%    K = LQR_K(L0)

%    This function was generated by the Symbolic Math Toolbox version 24.2.
%    2026-01-20 21:25:11

t2 = L0.^2;
t3 = L0.^3;
mt1 = [L0.*(-2.693021616503511e+2)+t2.*6.65997864129e+2-t3.*6.848566632494516e+2-4.200874736219789];
mt2 = [L0.*2.027476319724818e-1-t2.*3.909401453976144e+2+t3.*6.831348866586802e+2+3.575937190515778e+1];
mt3 = [L0.*(-1.651686152537389e+1)-t2.*9.421348159255377e-1+t3.*3.974845965259497+2.658277137095721e-1];
mt4 = [L0.*1.837595425804141e+1-t2.*6.849126461115884e+1+t3.*8.129892844879556e+1+7.267321739394166e-1];
mt5 = [L0.*(-7.611240938506116e+1)+t2.*2.202407933423854e+2-t3.*2.330151756207392e+2-6.581407097668478e-1];
mt6 = [L0.*(-1.93756271993631e+1)-t2.*8.282253769316046e+1+t3.*1.851207785649196e+2+1.43231213458836e+1];
mt7 = [L0.*(-5.82812467064248e+1)+t2.*1.69280863067695e+2-t3.*1.842764552270293e+2-2.706827504553039];
mt8 = [L0.*(-6.275292312944758e+1)+t2.*7.553496941222542e+1-t3.*6.207037353844792+1.797726834836386e+1];
mt9 = [L0.*(-3.690002772435757e+2)+t2.*6.115691111356932e+2-t3.*3.473278052183865e+2+9.28063694867661e+1];
mt10 = [L0.*7.66796342216859e+2-t2.*2.211317977874312e+3+t3.*2.298843592794516e+3+7.84919098766449e+1];
mt11 = [L0.*(-2.485514998603478e+1)+t2.*4.439012312939229e+1-t3.*3.13893058358185e+1+6.678577363723454];
mt12 = [L0.*4.055875155983098e+1-t2.*1.112672551373969e+2+t3.*1.115059359593373e+2+3.487975843682994];
K = reshape([mt1,mt2,mt3,mt4,mt5,mt6,mt7,mt8,mt9,mt10,mt11,mt12],2,6);
end
