function K = lqr_k(L0)
%LQR_K
%    K = LQR_K(L0)

%    This function was generated by the Symbolic Math Toolbox version 24.2.
%    2025-12-29 22:24:57

t2 = L0.^2;
t3 = L0.^3;
mt1 = [L0.*(-7.042224433780433e+1)-t2.*1.442727290303149e+2+t3.*2.920886235996601e+2-1.433752363504441];
mt2 = [L0.*1.301388375864609e+2-t2.*2.570406052754328e+2+t3.*1.60368276368765e+2-4.074026014258102];
mt3 = [L0.*(-7.164708881162541)-t2.*4.998092298061509e+1+t3.*6.257354129746681e+1-9.978571043848797e-2];
mt4 = [L0.*8.047846118167884-t2.*9.343782788156407-t3.*9.534680291322957-3.853519304721774e-1];
mt5 = [L0.*(-1.498970484631469e+1)-t2.*7.217020821533332e+1+t3.*1.78990512110734e+2-4.028431751340128];
mt6 = [L0.*9.272731505187592e+1-t2.*3.048775146451572e+2+t3.*3.349571901826068e+2-7.865552896624155];
mt7 = [L0.*(-1.096076186125955e+1)-t2.*8.16821088474406e+1+t3.*1.763717338733163e+2-4.132594662498531];
mt8 = [L0.*8.181215384231949e+1-t2.*2.734520515775944e+2+t3.*3.049044542370426e+2-6.731424128196058];
mt9 = [L0.*(-2.748922177827671e+2)+t2.*4.78462260044433e+2-t3.*3.545428183302157e+2+8.895841566550345e+1];
mt10 = [L0.*4.751961431460246e+2-t2.*1.239205434615709e+3+t3.*1.268630106793068e+3+9.458099826089823e+1];
mt11 = [L0.*(-1.114354143814197e+1)+t2.*4.437016689947145e+1-t3.*6.228361680503864e+1+5.19417026502304];
mt12 = [L0.*3.76593753726363+t2.*5.464813311627577-t3.*1.063579755874223e+1+6.119906682873608];
K = reshape([mt1,mt2,mt3,mt4,mt5,mt6,mt7,mt8,mt9,mt10,mt11,mt12],2,6);
end
