function K = lqr_k(L0)
%LQR_K
%    K = LQR_K(L0)

%    This function was generated by the Symbolic Math Toolbox version 24.2.
%    2026-01-22 15:27:31

t2 = L0.^2;
t3 = L0.^3;
mt1 = [L0.*(-1.346169309405055e+2)+t2.*2.460374598420253e+2-t3.*1.794002114188063e+2+1.489756825723542];
mt2 = [L0.*1.784042340701189e+2-t2.*6.449555399204381e+2+t3.*7.233450463317813e+2-4.49540437525062];
mt3 = [L0.*(-2.007012239753049e+1)+t2.*2.675241531430061e+1-t3.*1.596152508363309e+1+7.0198704152661e-1];
mt4 = [L0.*3.683048848690377e+1-t2.*1.338469511121881e+2+t3.*1.513473487902611e+2-6.216518626139735e-1];
mt5 = [L0.*(-1.891980488506683e+1)+t2.*3.96582551080371e+1-t3.*3.052510624995221e+1+6.648851815851441e-1];
mt6 = [L0.*3.138821193351182e+1-t2.*1.254362051908495e+2+t3.*1.493191651166699e+2-3.144197002154429e-1];
mt7 = [L0.*(-2.281054874931348e+1)+t2.*4.949062770164333e+1-t3.*4.055961703232672e+1+6.406044298075398e-1];
mt8 = [L0.*3.51979504936055e+1-t2.*1.452269305324489e+2+t3.*1.756057054696517e+2+2.605720072608247e-2];
mt9 = [L0.*(-1.359916978295819e+2)+t2.*1.131386750192398e+2+t3.*2.723870322778362e+1+4.977549206925219e+1];
mt10 = [L0.*3.968827042077426e+2-t2.*9.596106449974283e+2+t3.*8.691072432929378e+2+4.842130104777543e+1];
mt11 = [L0.*(-1.420159677136749e+1)+t2.*2.568062144743863e+1-t3.*2.049061480166757e+1+4.198211088512437];
mt12 = [L0.*1.28172098949745e+1-t2.*2.438523809989321e+1+t3.*1.672354356009001e+1+4.64407694274059];
K = reshape([mt1,mt2,mt3,mt4,mt5,mt6,mt7,mt8,mt9,mt10,mt11,mt12],2,6);
end
