function K = lqr_k(L0)
%LQR_K
%    K = LQR_K(L0)

%    This function was generated by the Symbolic Math Toolbox version 24.2.
%    2025-12-06 19:11:01

t2 = L0.^2;
t3 = L0.^3;
mt1 = [L0.*(-6.010216442924143e+1)-t2.*1.353368380241922e+2+t3.*3.654017298781592e+2-1.352984453596531];
mt2 = [L0.*1.626788849065368e+2-t2.*3.862994549395755e+2+t3.*2.413716558174946e+2-4.701803616665175];
mt3 = [L0.*(-5.297166239241865)-t2.*4.552456161059387e+1+t3.*7.847235316442294e+1-1.37454844301961e-1];
mt4 = [L0.*1.515123857365643e+1-t2.*2.875856596985521e+1-t3.*9.041951740703862-6.365864684930632e-1];
mt5 = [L0.*1.811736504047578-t2.*1.814200763464881e+2+t3.*4.070058979257692e+2-4.69098579141842];
mt6 = [L0.*1.454146132490411e+2-t2.*5.379663756225245e+2+t3.*6.458780732917e+2-9.935791229472974];
mt7 = [L0.*9.703878284184221-t2.*1.656356084961214e+2+t3.*3.412735666019033e+2-4.658446964784035];
mt8 = [L0.*1.199532908629185e+2-t2.*4.738275114706267e+2+t3.*6.137448483964808e+2-7.757476637421235];
mt9 = [L0.*(-1.445640750841401e+2)+t2.*4.492393542537869e+1+t3.*1.799152648373595e+2+6.263129014213906e+1];
mt10 = [L0.*4.131294565318939e+2-t2.*8.329424580856252e+2+t3.*5.896804330531387e+2+6.385824624245962e+1];
mt11 = [L0.*(-1.198480722343727e+1)+t2.*4.107801675688862e+1-t3.*6.574974060047292e+1+4.833366052227232];
mt12 = [L0.*(-7.957009037681179e-1)+t2.*5.050786482426148e+1-t3.*9.372568379445052e+1+5.56054697799991];
K = reshape([mt1,mt2,mt3,mt4,mt5,mt6,mt7,mt8,mt9,mt10,mt11,mt12],2,6);
end
