function K = lqr_k(L0)
%LQR_K
%    K = LQR_K(L0)

%    This function was generated by the Symbolic Math Toolbox version 24.2.
%    2025-12-07 21:55:35

t2 = L0.^2;
t3 = L0.^3;
mt1 = [L0.*(-7.235199083040821e+1)-t2.*1.682334512788992e+2+t3.*3.637601296642185e+2-1.581717988004699];
mt2 = [L0.*1.866727937000919e+2-t2.*3.967126265511172e+2+t3.*2.64636721487635e+2-6.31227445898408];
mt3 = [L0.*(-6.281397450740625)-t2.*6.095337082872536e+1+t3.*8.041908174710336e+1-1.855739262241495e-1];
mt4 = [L0.*1.573309024145039e+1-t2.*1.113822051481452e+1-t3.*2.701699152737017e+1-6.809672162517522e-1];
mt5 = [L0.*(-1.646796626269056e+1)-t2.*8.563294921511127e+1+t3.*2.542733447508159e+2-6.129185451080682];
mt6 = [L0.*2.192076269809585e+2-t2.*9.129676973393904e+2+t3.*1.271087577755249e+3-1.0811904651724e+1];
mt7 = [L0.*(-1.02236405166147e+1)-t2.*1.037690676319037e+2+t3.*2.532606554483158e+2-5.742419700313245];
mt8 = [L0.*1.711189923039053e+2-t2.*6.994780577898363e+2+t3.*9.638476781509723e+2-8.450362723222632];
mt9 = [L0.*(-1.571380099102426e+2)+t2.*2.927602848032903e+2-t3.*2.85524089826162e+2+6.381014332457755e+1];
mt10 = [L0.*2.964669935718468e+2-t2.*6.541791541998971e+2+t3.*6.138854096217988e+2+6.836150426743082e+1];
mt11 = [L0.*(-8.289635436451359)+t2.*4.530274312651814e+1-t3.*8.236170266007508e+1+5.16029671382496];
mt12 = [L0.*(-2.642156925484158e+1)+t2.*1.387451194644136e+2-t3.*2.045006954195775e+2+6.335753704583039];
K = reshape([mt1,mt2,mt3,mt4,mt5,mt6,mt7,mt8,mt9,mt10,mt11,mt12],2,6);
end
