function K = lqr_k(L0)
%LQR_K
%    K = LQR_K(L0)

%    This function was generated by the Symbolic Math Toolbox version 24.2.
%    2026-01-07 00:51:44

t2 = L0.^2;
t3 = L0.^3;
mt1 = [L0.*(-1.260868075077761e+2)+t2.*2.045099365868998e+2-t3.*1.816379175446027e+2+9.18384333930318e-1];
mt2 = [L0.*2.814411421350135e+2-t2.*8.975424373515324e+2+t3.*9.753483985121519e+2+2.619983309351005e-2];
mt3 = [L0.*(-1.31570043905311e+1)+t2.*1.216082559019175-t3.*5.278404212866796-5.38790960985104e-2];
mt4 = [L0.*1.07301058165023e+1+t2.*4.158075312277363-t3.*2.743714378736065e+1-1.017391011514577];
mt5 = [L0.*1.493072485817751e+1-t2.*7.757818806720478e+1+t3.*1.032775681824482e+2-1.292533458806806e+1];
mt6 = [L0.*3.238246752649335e+2-t2.*9.780877125322285e+2+t3.*1.019674890073867e+3-2.934906534792925e+1];
mt7 = [L0.*1.178262320388477e+1-t2.*4.853839736112412e+1+t3.*5.352993603249676e+1-1.088393377627641e+1];
mt8 = [L0.*2.174484342726647e+2-t2.*6.271749554557474e+2+t3.*6.363029115093848e+2-2.311550901527255e+1];
mt9 = [L0.*(-7.359626971174909e+1)+t2.*1.479719042439316e+2-t3.*1.3478262393907e+2+2.81509681356303e+1];
mt10 = [L0.*(-1.150231660029813e+2)+t2.*5.360583406530089e+2-t3.*6.765208855208712e+2+3.829513140782502e+1];
mt11 = [L0.*(-1.244104242201091e+1)+t2.*3.021086354599224e+1-t3.*2.965830966939709e+1+5.206256678044403];
mt12 = [L0.*(-5.184107618706326e+1)+t2.*1.743547389483426e+2-t3.*1.937309937874761e+2+8.390353098717023];
K = reshape([mt1,mt2,mt3,mt4,mt5,mt6,mt7,mt8,mt9,mt10,mt11,mt12],2,6);
end
