function K = lqr_k(L0)
%LQR_K
%    K = LQR_K(L0)

%    This function was generated by the Symbolic Math Toolbox version 24.2.
%    2026-01-18 14:58:28

t2 = L0.^2;
t3 = L0.^3;
mt1 = [L0.*(-1.766767106911865e+2)+t2.*3.12177988061497e+2-t3.*2.957088785830999e+2+1.892516046889484e-1];
mt2 = [L0.*1.019099465160392e+2-t2.*4.500743059090104e+2+t3.*5.823234563116409e+2+6.089162695857999];
mt3 = [L0.*(-1.43574611550419e+1)-t2.*8.952874719768099+t3.*6.048285211147183+2.139656740085839e-1];
mt4 = [L0.*1.620383415303292e+1-t2.*5.440006527587007e+1+t3.*6.43079464518236e+1+5.625286353069882e-1];
mt5 = [L0.*(-1.147355496057516e+2)+t2.*3.456485038299262e+2-t3.*3.763600887226842e+2-5.692606726684561e-1];
mt6 = [L0.*(-1.616756106273064e+1)-t2.*1.377869850965354e+2+t3.*2.796873190997359e+2+1.794778627545131e+1];
mt7 = [L0.*(-6.662756433467295e+1)+t2.*1.753402866852965e+2-t3.*1.862299669601597e+2-8.94700874970355e-1];
mt8 = [L0.*(-8.455537356817723)-t2.*7.602392659108118e+1+t3.*1.521330031047917e+2+1.080236148190968e+1];
mt9 = [L0.*(-3.670493225314811e+2)+t2.*7.240268516868712e+2-t3.*5.414489453289384e+2+8.413807730768798e+1];
mt10 = [L0.*6.898650483770625e+2-t2.*2.061079535034329e+3+t3.*2.210627494447799e+3+7.31090933999448e+1];
mt11 = [L0.*(-2.278325180966671e+1)+t2.*4.023781416119032e+1-t3.*2.752215848776793e+1+6.254317260388022];
mt12 = [L0.*3.356392545080826e+1-t2.*8.936790923544898e+1+t3.*8.703765893320072e+1+3.909333520579038];
K = reshape([mt1,mt2,mt3,mt4,mt5,mt6,mt7,mt8,mt9,mt10,mt11,mt12],2,6);
end
