function K = lqr_k(L0)
%LQR_K
%    K = LQR_K(L0)

%    This function was generated by the Symbolic Math Toolbox version 24.2.
%    2025-11-29 23:10:45

t2 = L0.^2;
t3 = L0.^3;
mt1 = [L0.*(-5.840772897294696e+1)-t2.*1.918258009185492e+2+t3.*3.919016366776501e+2-3.170048790861382];
mt2 = [L0.*1.87646316791151e+2-t2.*3.726182919982685e+2+t3.*2.121636301849381e+2-9.019099201404224];
mt3 = [L0.*(-6.115003586824774)-t2.*5.508020852641929e+1+t3.*7.322993461980887e+1-3.013782467295561e-1];
mt4 = [L0.*1.393043442381038e+1-t2.*7.59571652608861-t3.*3.084913121243589e+1-8.60656824079749e-1];
mt5 = [L0.*2.274571112615159e+1-t2.*2.767843502453744e+2+t3.*5.647104648545286e+2-1.036316096849623e+1];
mt6 = [L0.*3.081277091265567e+2-t2.*1.217453463971467e+3+t3.*1.654456236581709e+3-2.058133254947611e+1];
mt7 = [L0.*2.401469082818709e+1-t2.*2.449532835319695e+2+t3.*4.641568548295973e+2-8.773328817674795];
mt8 = [L0.*2.165182919039735e+2-t2.*8.479524739019654e+2+t3.*1.153404322401534e+3-1.526164323594329e+1];
mt9 = [L0.*(-1.086774006538166e+2)+t2.*3.476835926760403e+2-t3.*5.133822212190501e+2+3.61288659154112e+1];
mt10 = [L0.*(-4.66271441655975e+1)+t2.*4.602771270425341e+2-t3.*7.998286523577099e+2+4.342789824474733e+1];
mt11 = [L0.*(-1.546352397781398e+1)+t2.*7.454930865127142e+1-t3.*1.245285317726502e+2+5.291975196987041];
mt12 = [L0.*(-3.537004602288313e+1)+t2.*1.662097618324029e+2-t3.*2.427824950573444e+2+7.001915749732061];
K = reshape([mt1,mt2,mt3,mt4,mt5,mt6,mt7,mt8,mt9,mt10,mt11,mt12],2,6);
end
