function K = lqr_k(L0)
%LQR_K
%    K = LQR_K(L0)

%    This function was generated by the Symbolic Math Toolbox version 24.2.
%    2025-12-06 22:42:04

t2 = L0.^2;
t3 = L0.^3;
mt1 = [L0.*(-2.312278895805883e+2)+t2.*4.960523643997203e+2-t3.*4.555716684722316e+2+2.235341858052133];
mt2 = [L0.*3.579969014992814e+2-t2.*1.592184420514265e+3+t3.*2.253054824659213e+3-5.819599652349389e-1];
mt3 = [L0.*(-1.270236583694317e+1)-t2.*1.472988979714981e+1+t3.*2.873942246954476e+1-2.57575788263792e-1];
mt4 = [L0.*2.011229319764154e+1-t2.*6.324356495991285e+1+t3.*5.050872075741772e+1-1.404318419529429];
mt5 = [L0.*1.268799628752794e+1-t2.*1.639148386455663e+2+t3.*3.380981953782298e+2-1.009426888798384e+1];
mt6 = [L0.*2.699910327293461e+2-t2.*1.121021491261678e+3+t3.*1.57699402891845e+3-2.092432158747302e+1];
mt7 = [L0.*4.734527068527787e+1-t2.*2.603675397789387e+2+t3.*4.458950430704232e+2-1.39831024844863e+1];
mt8 = [L0.*3.199851692717647e+2-t2.*1.377507002019785e+3+t3.*2.015714369992829e+3-2.479552000320882e+1];
mt9 = [L0.*(-2.063653366663726e+2)+t2.*2.315904651460137e+2-t3.*1.025011577699587e+1+6.898122447966641e+1];
mt10 = [L0.*4.100857509760842e+2-t2.*8.365147673639729e+2+t3.*5.487892593520817e+2+6.840090604980718e+1];
mt11 = [L0.*(-2.373280223338088e+1)+t2.*7.393165238085362e+1-t3.*1.032818459524472e+2+7.059871192024643];
mt12 = [L0.*(-4.28954422866695e+1)+t2.*2.414625919144589e+2-t3.*3.935699140822117e+2+9.207437351524851];
K = reshape([mt1,mt2,mt3,mt4,mt5,mt6,mt7,mt8,mt9,mt10,mt11,mt12],2,6);
end
