function K = lqr_k(L0)
%LQR_K
%    K = LQR_K(L0)

%    This function was generated by the Symbolic Math Toolbox version 24.2.
%    2025-12-21 16:03:18

t2 = L0.^2;
t3 = L0.^3;
mt1 = [L0.*(-1.342462284656762e+2)+t2.*1.071652576920704e+1+t3.*1.168019811348674e+2+5.886601031578239e-1];
mt2 = [L0.*2.731710929048949e+2-t2.*6.473202852455477e+2+t3.*5.240180688744267e+2-1.580170281017837e+1];
mt3 = [L0.*(-2.254380094296593e+1)-t2.*1.963254794450789e+1+t3.*3.19307497826161e+1+6.240842109358009e-1];
mt4 = [L0.*3.810359475953915e+1-t2.*9.264638670573564e+1+t3.*6.972664342840015e+1-2.519403596959248];
mt5 = [L0.*(-3.433904828395337e+1)-t2.*2.237573013102574e+1+t3.*1.009793307502484e+2-5.477897963619395];
mt6 = [L0.*2.037128295119235e+2-t2.*5.983132768906867e+2+t3.*5.876605624383557e+2-2.007480880476376e+1];
mt7 = [L0.*(-2.364170317822032e+1)-t2.*2.972801812299459e+1+t3.*8.681200913133044e+1-5.588930246601215];
mt8 = [L0.*1.776387660796217e+2-t2.*5.420207203894129e+2+t3.*5.502941503364573e+2-1.65338324225103e+1];
mt9 = [L0.*(-1.92884585177244e+2)+t2.*1.795401544012948e+2-t3.*3.133748765020164e+1+8.62828419782292e+1];
mt10 = [L0.*4.055798157370534e+2-t2.*7.545572594895231e+2+t3.*5.417106858548626e+2+9.075593701206779e+1];
mt11 = [L0.*(-5.937288515180397)+t2.*1.822339122660159e+1-t3.*2.285121722155168e+1+5.495357129476562];
mt12 = [L0.*(-1.580375643469308e+1)+t2.*7.168271295408478e+1-t3.*8.317165749342425e+1+7.870173745340547];
K = reshape([mt1,mt2,mt3,mt4,mt5,mt6,mt7,mt8,mt9,mt10,mt11,mt12],2,6);
end
